# Mill2 (Millennium-II) snapshot -> redshift.
# Full table, copied verbatim on 2026-10-09 from the tree directory's
# /cosma5/data/jch/Galform/Merger_Trees/Millennium2/new/redshift_list
0 127.000000
1 80.000000
2 40.000000
3 31.253098
4 28.512092
5 26.033655
6 23.790525
7 21.758459
8 19.915882
9 18.243573
10 16.724395
11 15.343058
12 14.085907
13 12.940736
14 11.896629
15 10.943809
16 10.073520
17 9.277909
18 8.549926
19 7.883241
20 7.272162
21 6.711571
22 6.196857
23 5.723866
24 5.288853
25 4.888437
26 4.519564
27 4.179475
28 3.865672
29 3.575897
30 3.308099
31 3.060424
32 2.831187
33 2.618857
34 2.422045
35 2.239487
36 2.070032
37 1.912633
38 1.766335
39 1.630268
40 1.503637
41 1.385718
42 1.275846
43 1.173416
44 1.077873
45 0.988710
46 0.905461
47 0.827699
48 0.755035
49 0.687108
50 0.623589
51 0.564176
52 0.508591
53 0.456577
54 0.407899
55 0.362341
56 0.319703
57 0.279802
58 0.242469
59 0.207549
60 0.174898
61 0.144383
62 0.115884
63 0.089288
64 0.064493
65 0.041404
66 0.019933
67 0.000000
